0
0
0
0
0
0
0
0
0
4.095456872028104
4.095456872028104
4.095456872028104
4.095456872028104
4.095456872028104
4.095456872028104
4.095456872028104
4.095456872028104
4.095456872028104
4.095456872028104
1.9535314904709598
1.9535314904709598
1.9535314904709598
1.9535314904709598
1.9535314904709598
1.9535314904709598
1.9535314904709598
1.9535314904709598
1.9535314904709598
1.9535314904709598
3.427520109071246
3.427520109071246
3.427520109071246
3.427520109071246
3.427520109071246
3.427520109071246
3.427520109071246
3.427520109071246
3.427520109071246
3.427520109071246
4.708351453297864
4.708351453297864
4.708351453297864
4.708351453297864
4.708351453297864
4.708351453297864
4.708351453297864
4.708351453297864
4.708351453297864
4.708351453297864
1.8798440909183398
1.8798440909183398
1.8798440909183398
1.8798440909183398
1.8798440909183398
1.8798440909183398
1.8798440909183398
1.8798440909183398
1.8798440909183398
1.8798440909183398
1.9310195343412733
1.9310195343412733
1.9310195343412733
1.9310195343412733
1.9310195343412733
1.9310195343412733
1.9310195343412733
1.9310195343412733
1.9310195343412733
1.9310195343412733
1.7943543453511281
1.7943543453511281
1.7943543453511281
1.7943543453511281
1.7943543453511281
1.7943543453511281
1.7943543453511281
1.7943543453511281
1.7943543453511281
1.7943543453511281
1.9681403046248274
1.9681403046248274
1.9681403046248274
1.9681403046248274
1.9681403046248274
1.9681403046248274
1.9681403046248274
1.9681403046248274
1.9681403046248274
1.9681403046248274
1.7535024341356509
1.7535024341356509
1.7535024341356509
1.7535024341356509
1.7535024341356509
1.7535024341356509
1.7535024341356509
1.7535024341356509
1.7535024341356509
1.7535024341356509
3.1840266667577626
3.1840266667577626
3.1840266667577626
3.1840266667577626
3.1840266667577626
3.1840266667577626
3.1840266667577626
3.1840266667577626
3.1840266667577626
3.1840266667577626
2.135714569044394
2.135714569044394
2.135714569044394
2.135714569044394
2.135714569044394
2.135714569044394
2.135714569044394
2.135714569044394
2.135714569044394
2.135714569044394
2.188017180897772
2.188017180897772
2.188017180897772
2.188017180897772
2.188017180897772
2.188017180897772
2.188017180897772
2.188017180897772
2.188017180897772
2.188017180897772
2.3843878823434776
2.3843878823434776
2.3843878823434776
2.3843878823434776
2.3843878823434776
2.3843878823434776
2.3843878823434776
2.3843878823434776
2.3843878823434776
2.3843878823434776
1.929766912647339
1.929766912647339
1.929766912647339
1.929766912647339
1.929766912647339
1.929766912647339
1.929766912647339
1.929766912647339
1.929766912647339
1.929766912647339
1.9955104744336734
1.9955104744336734
1.9955104744336734
1.9955104744336734
1.9955104744336734
1.9955104744336734
1.9955104744336734
1.9955104744336734
1.9955104744336734
1.9955104744336734
2.204005260643355
2.204005260643355
2.204005260643355
2.204005260643355
2.204005260643355
2.204005260643355
2.204005260643355
2.204005260643355
2.204005260643355
2.204005260643355
1.8104027595202736
1.8104027595202736
1.8104027595202736
1.8104027595202736
1.8104027595202736
1.8104027595202736
1.8104027595202736
1.8104027595202736
1.8104027595202736
1.8104027595202736
1.970553958022256
1.970553958022256
1.970553958022256
1.970553958022256
1.970553958022256
1.970553958022256
1.970553958022256
1.970553958022256
1.970553958022256
1.970553958022256
2.057144146355639
2.057144146355639
2.057144146355639
2.057144146355639
2.057144146355639
2.057144146355639
2.057144146355639
2.057144146355639
2.057144146355639
2.057144146355639
1.8472066525624413
1.8472066525624413
1.8472066525624413
1.8472066525624413
1.8472066525624413
1.8472066525624413
1.8472066525624413
1.8472066525624413
1.8472066525624413
1.8472066525624413
2.9543803896893257
2.9543803896893257
2.9543803896893257
2.9543803896893257
2.9543803896893257
2.9543803896893257
2.9543803896893257
2.9543803896893257
2.9543803896893257
2.9543803896893257
3.030961769219179
3.030961769219179
3.030961769219179
3.030961769219179
3.030961769219179
3.030961769219179
3.030961769219179
3.030961769219179
3.030961769219179
3.030961769219179
1.9288786517444025
1.9288786517444025
1.9288786517444025
1.9288786517444025
1.9288786517444025
1.9288786517444025
1.9288786517444025
1.9288786517444025
1.9288786517444025
1.9288786517444025
1.7693351557486336
1.7693351557486336
1.7693351557486336
1.7693351557486336
1.7693351557486336
1.7693351557486336
1.7693351557486336
1.7693351557486336
1.7693351557486336
1.7693351557486336
1.886606268755337
1.886606268755337
1.886606268755337
1.886606268755337
1.886606268755337
1.886606268755337
1.886606268755337
1.886606268755337
1.886606268755337
1.886606268755337
1.9345955754476565
1.9345955754476565
1.9345955754476565
1.9345955754476565
1.9345955754476565
1.9345955754476565
1.9345955754476565
1.9345955754476565
1.9345955754476565
1.9345955754476565
2.019126977177287
2.019126977177287
2.019126977177287
2.019126977177287
2.019126977177287
2.019126977177287
2.019126977177287
2.019126977177287
2.019126977177287
2.019126977177287
2.0388802915474997
2.0388802915474997
2.0388802915474997
2.0388802915474997
2.0388802915474997
2.0388802915474997
2.0388802915474997
2.0388802915474997
2.0388802915474997
2.0388802915474997
2.661366316486109
2.661366316486109
2.661366316486109
2.661366316486109
2.661366316486109
2.661366316486109
2.661366316486109
2.661366316486109
2.661366316486109
2.661366316486109
2.4952577773195603
2.4952577773195603
2.4952577773195603
2.4952577773195603
2.4952577773195603
2.4952577773195603
2.4952577773195603
2.4952577773195603
2.4952577773195603
2.4952577773195603
1.7142960373857843
1.7142960373857843
1.7142960373857843
1.7142960373857843
1.7142960373857843
1.7142960373857843
1.7142960373857843
1.7142960373857843
1.7142960373857843
1.7142960373857843
1.9390595983682197
1.9390595983682197
1.9390595983682197
1.9390595983682197
1.9390595983682197
1.9390595983682197
1.9390595983682197
1.9390595983682197
1.9390595983682197
1.9390595983682197
